image_width: 1920
image_height: 1080
camera_name: camera
camera_matrix:
  rows: 3
  cols: 3
  data: [1171.48653, 0.0, 943.97279, 0.0, 1161.499985, 578.22201, 0.0, 0.0, 1.0]
camera_model: plumb_bob
distortion_coefficients:
  rows: 1
  cols: 5
  data: [-0.340050, 0.092668, 0.000615, -0.000378, 0.000000]
rectification_matrix:
  rows: 3
  cols: 3
  data: [1., 0., 0.,
         0., 1., 0.,
         0., 0., 1.]
projection_matrix:
  rows: 3
  cols: 4
  data: [835.84955, 0.0, 932.038915, 0.0, 0.0, 1065.69934, 586.610545, 0.0, 0.0, 0.0, 1.0, 0.0]
